Krusty Kalkulations (Challenge 3)
Problem: https://afaq.mov/lc-05.pdf

Sample 1 Input
6
(9, 12, 4) (15, 18, 1) (16, 17, 2) (12, 15, 3) (11, 13, 3)

Sample 1 Output
4

Sample 2 Input
5
(9, 14, 4) (9, 16, 3) (10, 12, 1) (13, 14, 2) (14, 17, 2)

Sample 2 Output
3

Note: These outputs process reservations in the order given.
For the optional bonus that maximizes accepted reservations regardless of
order, Sample 2's output is 4.

Sample 3 Input
30
(9, 11, 10) (11, 13, 15) (13, 15, 20) (15, 17, 25) (17, 19, 30) (10, 12, 20) (10, 12, 10) (10, 12, 15) (10, 12, 30) (9, 12, 15) (11, 14, 10) (13, 16, 20) (15, 18, 25) (17, 20, 15) (9, 10, 5) (10, 11, 3) (11, 12, 7) (12, 13, 2) (23, 24, 1) (9, 11, 10) (11, 13, 15) (13, 15, 20) (15, 17, 25) (12, 14, 30) (14, 16, 25) (16, 18, 20) (18, 20, 15) (9, 23, 30) (9, 23, 25) (9, 23, 10) (9, 11, 5) (13, 15, 8) (17, 19, 10) (9, 10, 10) (10, 11, 10) (11, 12, 10) (12, 13, 10) (13, 14, 10) (9, 12, 15) (10, 13, 20) (11, 14, 25) (12, 15, 30) (13, 16, 15) (18, 21, 30) (19, 22, 25) (20, 23, 20) (9, 12, 30) (9, 12, 5) (10, 11, 10) (10, 11, 2) (9, 10, 1) (10, 11, 1) (11, 12, 1) (12, 13, 1) (13, 14, 1) (9, 10, 10) (9, 10, 5) (9, 10, 15) (9, 10, 20) (9, 10, 30) (13, 15, 30) (15, 17, 30) (17, 19, 30) (9, 15, 10) (15, 21, 10) (10, 13, 30) (13, 16, 30) (16, 19, 30) (9, 18, 15) (9, 18, 10) (9, 18, 20) (22, 23, 5) (22, 23, 10) (22, 23, 15) (9, 12, 20) (10, 13, 25) (11, 14, 30) (9, 23, 30) (9, 10, 3) (12, 13, 7) (15, 16, 12) (18, 19, 18) (9, 10, 5) (9, 10, 10) (9, 10, 15) (9, 10, 20) (9, 11, 5) (11, 13, 5) (13, 15, 5) (15, 17, 5) (18, 21, 20) (19, 22, 25) (20, 23, 10) (22, 23, 5) (22, 23, 10) (22, 23, 15) (9, 10, 5) (10, 11, 7) (11, 12, 9) (12, 13, 11) (13, 14, 13) (9, 10, 10) (9, 10, 5) (9, 10, 15)

Note: This input is preserved from the historical challenge code, including
(23, 24, 1), which extends beyond the closing time stated in the PDF.
